Pmax(mW)=42.542000
Voc(V)=6.200000
Isc(mA)=9.900000
FF=0.693092
